111110101111111100001011111101010100001111110011
101010100010100101011111111101010111111110100110
011010100110101100000000000011110010100000000101
110111111001010111110100001100001010101000000111
111100000111111000000111110011110101011100001111
000101010111111011110111111000001110100100001100
101000001000001101011000001111111111110010101110
110010101010101111111001010000000011111110100011
110101010110100001010001011000000110100100001011
000111111100000101011101010001011100001111110100
110110101101010001011010100101011000000111111011
111000001100000010100000001100000010101000001111
001101011011110000000000000000000001011011110100
001011110001010100001100001101010110100010101100
111011111010101011110010100011110101010011110111
001101011111111000000000001101011010100111110000
110000000000000011111001011001010010100001011111
110000001001011110101000001001011000001010101011
110001011000000101010010100111110100001101010011
101110100010100010101110100110101011110110101110
000010100001011101010001011101011111111110100000
100111110110101001011010100101011000000111110010
100011110101010101010101010001011110100101010010
010100000011111101010000000000001100000000000101
110000000001011101010000001011110110101101011011
000111111011110100000000001011110100001000000100
101101011001011111110100001110101111110011110010
011010100111111100000000000101011101011000000101
110000001001010100000001010111110010100010101111
001100000111110101011000001100001000000101011000
000000001110100010101100001000001011110111110000
001011111010101011110010101111111110100011110100
110110100101011101011101011111111011111011110011
010000000000000110101110100011110000001111111101
111101011010100001010010101100000010100001011011
011000000001010100001111111101011110101110101101
000000001000001101011011111111111100001110100100
010011111000001000001110101010101111111000000001
001001010000001111111011110100000100000010101000
001101010010101111110010101110100100001100000100
011010100101010010101110101010100100000100001101
011010100100000011111011110001010111111100000001
110110101000001001010101010100000110101110101011
011000000001010001010111111100001010100000000101
110010101100001100000101010011111100000001010111
001110101110100100000011110011111001011011110100
010100001111110010100000000000001100001010101101
001111111100000011111011110000001000000011110000
001101011101011110100100001101010100001111110000
011001011101010111111000001111110100001111110101
000110101011111001011011111110101110100000001100
010000001111110100000101011011110100001001011001
101110101010100101010000001100001110101001010110
001011110011111110101001010011110010101011111100
010001010110100011110101010000000001011100001101
001011110111111000001000001110100011110000001000
111100000011110100000111111010101110100000000111
101000000100000111110001010001011010101000000110
100001010101011110101011110100000001010110100110
100000001001011011111010100001010111110011111010
001011111111110100000111111000000110101011111100
101010101000000010100011110101011010101111111110
100010101111111111110011111110101011110001011110
100001010100000001010010100110101001010101010110
001101010101011001010011111101010000000110101100
101101010000001000000010101001011100001101011010
010000001101011110101001011111111011110001010101
100101011001010000001010101001010000001101010010
110010100010101001010001010101011000000100000011
101101011111110000000011111110101001010101011110
000100000100001101011111110110100011111111110000
101010101100001110101111111011111100001101010010
110110101001010100001110100100001000000110100011
010101010110100111111101011010101100000010101001
000110100111110110101100000101010101011100001000
101110101101011001010000000011111111110011110110
101000000110101000000110100111111001010111110110
010100000001010100001111111001010011111010100101
011010101010100111110100000111110000000101011001
101001011000001000001000000011110101010010100010
010101011101011001010000000110101011110110101101
001001010011111010101000000101011010101100001000
010000001111110010101011110000001111111100000001
100111110010100001011001011010101100000000000110
010001010001010000000001010111110010100111111101
100001011101010001010100001010100010100011111110
010001011101011011111101011100000101010110100001
101010101110100100000110100011110111110011110110
101110101001011010101100000011111001011110100110
010000000011110111111100000100001100001111111001
100110100001010010100111111011110011111000001110
111001011011110111111011111010100111111111110011
110111110100000110101100001000000100000011110011
000010101100001010100010100101011010101011110000
001110100101011000000011110111111100000001011100
111001010001010111111001011111110001011100001011
011101011111111110101101011000001110101111111001
101101011100000111111010101001011001010010101110
110000000001010111111101010011110110101000000111
000011111101011011111101010011111011111001010100
101110101011111111110101011001010101011101011110
111110101101010100001101011010101111111011110111
111000000111110010101000001111110110100001011111
111110101100000111111000001011111011111011110111
001111111111111000000100000011110010100001010000
010010101111111001011101010010100110101011111101
010011111001010000000010100110101101011110100001
101001010110100101010001010010100001010011110010
111111110011111101011001010000001011111001010011
100111110011110010100101010000000010100110100110
110000001101010001011110101100001011110110101011
101000000000001101010000000010101110100000000110
000110100111111101011101011001010110100100000100
011011110011110101010000000101010010100001010101
000100001101010101011001010100001100000001010000
100010101011111010100110100110100101011110100110
001001010000000101010000001001011011110100001100
100001011101011011111011110110100000000101010110
101001010110100100000001010111110011111000001110
110110100111110010101000000010101101010101011011
100101010001011001010001010010101110100000001110
100000000011110011110000001110101011110100001110
101101011110100000001001011011110010101110100110
001011110100001010100111110011110100001100000000
101100001010100111110001010011110000001010101010
000001011110100100000011110001010000000100000100
111100001110100111111101011111111111110000000111
101111111000001100000001010101011010100000000110
101100001001010000001101010110101111110101011010
001001010010100110100010100100001110100101010100
100001011100000010100011111110101000000000001010
101011111110100101011001010001011110101001011110
