101111111000001000000000000011111110100000000110
011011111010100110101101010110100100001010101101
101111110111110010100000001101010000000111110110
100011110001011111111111111001010000001101010110
010100000000001101010110101010100101011001011001
101001011010100101011000001001010111111110101110
110101011010101000001100000110101100000101010011
011110101010100011111101011101010100000100000001
100000001111111110100001010111111111111000000010
111000001000000000000110100100001111111011111011
001000000001011100000001011001010110101100001100
010010100101011011110100001010101101010011110001
011111110010100000000110100110100011110111111101
011110100001010001011101011011110000001001010101
000111111001010100000001010000001101011001010000
001000001000001011111010101100000111110000001100
110000001111110000000001011000001000000001010111
100001010001011110101001010000000001011001010110
100001011010100111111001011101010101010000000010
101001011000000010101010101110101010100101010010
101001010100000000000101010000001111111011110110
000001010111110110100110100100001001011101011100
011010101110100011110010100100001010101010100101
010111110101011101011100000111111110101011110001
111000001100000010100110100100000111110100001011
000101011110101111111110101111111111111110100100
010100000000000010100010100111110101011000001001
011010101100000011110101010110101011111111110001
010010100100001010101000001110100101010000000101
110111111101010111110100001011111101010101011111
011100000010100111111011111000001100001011111001
101001010001010010101010100111110100001001010110
010001010000001101011100001101011110101000000101
011101010100001000001001010101010011110000001001
100011110010101100000101011010101111110010100010
010111110011111100001000001001011010100111111001
110100001111111111111100000011111110101011111011
011010101110100111111111111010101111111100001101
101100000001011011110011110101010000000100001110
000101010011110000000011110010101001011101011000
110110101010100110100000000101010110100011110011
001111110001011011110010101011111011111001010000
101111111011111110101000000111111111110011111010
111001011111111101011001011001011101010000000011
100111110111110000000000000011111000001001011010
001011110010100001010000001010100011110010100100
101001010101011100001110100110100111111110101110
101100000011111001010011110100001001011111110110
000101011001011110101010100011111101011100000100
001100001101011011111011110101011111110111111100
000110100101011001011101010100001001010000001000
110010101100000100001010101000000111110010100111
001010100101010011110000001101010110101101010100
011101011111111011110011111011110001011010101001
000111110110100110101111111011111100001011111100
010111110111111010100010100010100010101000001001
110100001011111100000101011101010000001101010011
100101011001010100000101011110101100000011110110
001101010010100000001011111110101011111011110000
101000001001011110101011110011111101011101011010
011110100100000111111011110010101101010110101001
001000001011110100001111111100001111111100000100
010110101010101101010011111000001110101010101101
010000000101010100000100001111111101010000000101
001110100100001010101001011000001101010000000100
111101011000001000001110100011111101011101011111
110100001001010011110001010010100100001100001111
111000001110100010100100001110100100000110100111
110110100011110010101010101110101001010111111011
001010101000000011110001010111111010101100001100
000101010010101011111001011101011111111001010000
010110101111110000001110101111110011111110101101
100110100110100110100111110100000110101000001010
101100000001010011110001010011111110101000000110
111111110101010111111101010101011000000011110111
010000000111110001010001011001010100001100001001
011010100001011111110000001110101000001110101101
110000001101011011110011110000000001011011110111
100000001010100001011111110101011111111100000010
101011111001010110101111111110101011111001010010
100111111110100111110001010111110001010010101010
010111111111111111111000001100001101011010100101
000001010110101010101100001010101001011111111000
101010100111111100000011111110100010100111111110
110001010101011111110111110110100011111100001011
100000000111110100001001011010101001011000001110
010000001101010000000010101001010110100010100101
100111111010100111111010100111111100001110100110
001001010011110100000101011000001101010011110000
111000001111111100001011111100001100001001011111
000010101000001010100100000100000100001100000000
100111110011110010100011111000001010100010100010
101110101100000011110011110010100011111001011110
000101010010100100000010101111111101010000001100
110011111011110010101011111100000010101000001011
011010101010100101011011111000000100001000000101
000110100110101001010000001101011111111101011100
000011110111111111110001011110101000000001010000
011100000100001101011001011101011111111101010101
001101010111110100001000001011111110101101011000
010100000011110001011101011010101100001111110101
001000000111111110100110100101010011111100000000
010110101100000110100111110111111111110101010101
010100000000001001010000000011110010101100000101
100111110000000101011101010111111110100100000110
100011111111111011111100000001010001011000001110
110111110111111011110110100010101111110101011011
100100001100001000000011110101011011110101011010
011001010101011111110011110111110101010100001001
011100000000001010101101011111111100001010100001
001100001110101100001011110000001010100001010000
100100000011110011111100000101011001010010101110
111000000101010010101110100110101100000010100011
000011110011111001011000000100000101010110101000
010100001100000101011011110111111001010101011001
101110101010101001010110101111111000001001010110
100011111101011000001111110101010011110111110110
111011110101011010100000000010101110101101010111
010110100110101110101101010100000010101010100001
101111111111110000001110100100001011111010100110
111110100111110110100011111111111000001111110111
010010101111110011110011110100000010101001010101
010010100111110010101101011110101100000011111101
011010101010101010100001011111110101011010101001
000110101110101010100000000101010000001011110100
000010100100001110101111111111110111110010101000
000110101111110110101011110011111001011111110100
110111111011111011111110100100001101011010101111
001111110100000110101010101100000001010010100100
110111110100001001011010101101011101011110101011
010000001010100101010011111011111000000101010101
110010101011111001011100001101011001010110101111
