00100101010111101001110000001000
01001111000010110011110010111010
01111001100011000001011110000000
01011000110110011100000110011010
00101100110111111010011001111001
00001111100111110101111101101000
01001100110011000111000011111110
10011101000101100111001110111000
01111101110111100110001111001101
10001010101110010111000000000111
01110110011000101010111100000100
10000101100010101101101011101101
01000100001000000111100110001101
01111111100110101000111111101010
00110000001111001001100111111101
01011101101011101110111100110000
11110101010111000110010100010001
10000110110110100111101110010101
00101101110101011110100101111010
10000001110101011111011111110010
11110001101010000000111000000001
10011010110001100111111010001011
10110010100110010001010011011000
01000101010101010101100000000010
01101100101010101101100000100111
11111010010101011001100101111010
11111010100110000001001010100100
10010100010110001011000010000000
01001011001100101001101000011001
11100110100101101101001110000110
01110000110101010000000011110001
11011101111010001011011110101001
01100101110101101001010111011011
11100001111100011100110110010100
11100111111111000100111110111011
01000100010100101001000100000110
01101101001100100011111001110101
01100001001000101001000010001011
10110011110100100010010010010111
00110100001000000000010001000000
11110100100010110100000011111111
00000011101000000000010110001100
10001111100110001010000110000101
10000111010000101101011101000001
10100100111010010010111011111110
10001010101100001011110001011111
01101111001000100001010110110110
00000010010100000100110011000110
01010010110110100110011100111111
01111000010011100111101000110111
00111000001010101000000000110111
10000000100011111101110101111101
11011101111110000010101010110100
00111111000111110010111100000100
10001001010101111111100100100111
11101100000000010110111011001011
10100111001000000001001000110111
01111110110011111010100110101111
00100110100100011001101001000101
10010110110000010111110100111010
00111000011111110100110100101001
10111010000001110000001111001110
10111100011101001010110011100100
10101001101011100000001011111101
00000110100101011001110110101100
11000100101100010110100011010000
11101010111011100100101010000000
11111111110011100101101011001011
11011000011110101101111111010011
10000000010110110101010011100101
01001000111101100100111100110111
11110001000010101101100110101011
10010100100101101001000001100100
00101000111101101101110001111110
01011001101011000000110100100001
00111010000100110110110101110100
00001111001100000001100000101011
00111000010011100011101100011111
00010100010011110111100110010100
00101010111001110111000011010110
11111000100000101010011100000100
10110101101100001001111011110011
00000111101100011000011000110001
00100001101111110101101100101100
01000110011111010011110110001011
11001001011100011101100011001011
11001100111000111000111001001000
01001001101111000100000010001010
11000110011001101011100011010100
01001111001101101001000001110110
01111101011001110000101110010110
01111111111111011111110001011011
11100010011010010000100100000100
11100101010010100010111111001100
00111001101011100001101100011110
10010111010011111000110100001001
01101100000001110111011101011101
11010011010101100101101100010011
00001111010101111000011110110101
11011100111001000111011001000010
11011000110110111101110000100110
01011100110001001110001010000010
10010000110010011000110010101000
10100001001101001000001001010100
01101000111110000100101001110101
11000001000010111100001111111110
01001001001011011100111101110000
01011001010110100110101000110111
01110111000010100101111111000101
00001100011000001110000110001111
11100111010001111011010011101011
01010000110011110110100011101011
01000100001000111010101010000100
10111011001010010111111100001101
00111111100001110011111110111010
01101101100010100111110101110100
00111010011011010110110011000110
11010001001100001111001101100101
11100011100000111110110100010100
11011001110000110111000111101010
10001000000011111011101111111000
11110001011100111010010101000111
01101010100110111011001000011010
01000111011101100000101100001101
00010110110011110010110100011010
11110110110101110110010101100100
11011110000010101111010101001110
11111011101010110001100001011001
10100000101001011100001010010101
10110010010001000110011101011111
11110011011001001111110001011011
11011110101010000101111000101011
